appHPLs6 = 0.9874414264032997137716500080418202141360271489142684572751590515\
45613699118788953558639564044775589152030562553854846344056741468084309633980\
29349014388073675782238914431072868245446242746979584265585272725425183010859\
16762833332868503803932914463837425588886655188772115844869385702239323169831\
25303760473057025165832029058109316614904739363559428207838474498251201078849\
79332566716367272547925735281416166238736093320673713594250387141809300098954\
21875037734928695044736738749926535001820657619772700904891933571022109312089\
42756482704135658123916440337265011328677180827439513955331652675411267768606\
03144804260296846482472017881740018031867331762852311607144708376582080780357\
61347142822494509834008646099322451000724384140554649574622452700208683142716\
14533482612027580883868209048481970461801865716951394651772344308806970564836\
02534328770821499977268828398676081463408829506131245293840196162648589104659\
02092713134432662228104367889425093741623803273367879345008793280286492649988\
117021875031547395590766530006749519058062`1020.0000000000001
 
appHPLs7a = -0.95296007575629860340865215892596050767328040170916814860074556\
23531797089455492556061692851797370840875146833501146696060200490086629552433\
91747596101881756054955735697915770505759738303641921863119824990210457634062\
33931827984392038585471630161775751271407460503328438390469006246442490133099\
62283072705919711620430739281952027740735499363784810934094247316673614814467\
42412585546653737210788933115764351510924536825913892955708793602493781471371\
38601429979221987458086039402649222285917640184414490677660601136320399919997\
81219865447243687356593373493327779050349070902866992620391811293856209650189\
29347306280008261236021613851674616394921290717891044383929591857517875393924\
95473234617930343943021029161144103895877465042609086994104760176768134405222\
98978346536508998566646089800876874996428494205142179256816474122984397136718\
90768071486458936091478901241971852300222964448995882985735524831437563143570\
93392866205323594256590030146203617597377342806255086793291271286261341551975\
86778642135106020181423166842751402960542818`1020.0000000000001
 
appHPLs7b = 1.029121262964324534224404088043841843002016712559190367465156560\
57871856206480332209061665437032936493058142323221715248321380361784421507536\
21196636322793586421143527485756249729206158770705056870804933574861764428651\
97510768103516527283755294759632175207957026944416588558666785373263236542773\
22447699046759783374979153362724743803196761188189898864886318721256462511346\
59372137700267174943826974256665766961017636772327496184572197342727930358526\
42738032384520282081044210153671669073400895529251828265518146489828315103387\
71455750233457455218417378486637363836992668317692827831976871034774159484833\
58587061638573317937951381126762980591601019400870953763808126344537891593539\
72768718895989859601556660400035964300216965295272624322705230902345035210858\
05077739713537856591762624505348018151235460828916649507191994621994558830103\
34339788693209519374834621483694376945001417946642121619605250170798093472038\
21664156534621249349796786951976436913179965039689582627445122895138990391891\
769248539526025019017343469936703646276282`1020.0000000000001
 
appHPLs8a = 1.041785029182791883389990020802312380081562110065127544341755280\
45649389133025603428667083335427967976834645993083937117493528801397963657598\
73429208285306717548829030087018673346520905661074435161567049218859724653064\
20650015030248326728166337072247277774970529316598827596699452544229736793269\
21623198972979886090675042919198886647482749884273207287002372376899385230922\
52261679445092228408283668884679679149043359579301488290310698876407912372819\
86113623408231812116121126276269170834627508787879584199720704756220472541190\
21461206846238965353556299741653540173716849624048797234303160659647236438512\
29499322994614623493709878740675449632313734384038735463152914669621420774287\
28038933954522556257281145016485731256089408144464343822755650622789353232336\
46349394133305996453547115815454061537892574511254202991264487386877631650840\
38501600057902371301051085188700533838810320240079529255123644007748145888606\
15321433510645509011439944037992788996147041880815146522580488573251769630612\
742647694079283554001869500649902654378991`1020.0000000000001
 
appHPLs8b = 0.996447748397837665980872901224229272144048878224794722203706015\
93459893970698459699652067751263603468005454054957242751175491119825246149183\
70423888151515480120158685236048322351121643118556425584310045672981019246674\
10257365918962711478347763075879303633236185092893141090552043647852052188524\
71498768836321007690161508926473095814907921375324499173739589947087848205891\
24648844059863375284451626712867822816610707521819225449307252677442518448487\
84859581190783988108046637040839235380493084244673419383310843585528201609376\
15945447702933354327158289264439912454753817862675373061978942156324366404962\
37245442064100628669188099410898602545469223886899657349366488059208074062949\
80504743609407859988219031298266620680780964765302804688318771297027092896484\
05823831149519357292447996104080048862628659547903781647674974445069689375147\
13312964897518630960810219126512442850064109924650347749187299799156351330301\
93150181227663799324389566228792739511814387956438810856016730606526681815712\
5277966139529062913085685925414962888672566`1020.0000000000001
 
appHPLs8c = 0.983966673821733670920730250306559469121910930920157596741563982\
96202179092620199856695210697919274229528913186963545387004314357456045911359\
40134926717088908019563219506544269635433274404398176404128383748905850573695\
30192858859234532851738631695639951437646579277035299939263570046964503133188\
74725388181202452870561992529759090017292663010175017174559799306057352757288\
19592670542993823359381231873190538581071862704410452725686816337121218776010\
10836291062346702727943796744626628891907615887208282850099685946702068739239\
74997991083667221012820916400535255681093435161589855378563807332138305432679\
53049329646390413380774160876273298415839028944416511907799428135262367171944\
43589819639057403449993418334497340788263945845752651354148791956607463108866\
03269676544181660986597413652448726407698142170898819317084914406798088134390\
09391900667594635849172126839668952053553147117864156641709706221592375068885\
25910866097619198647354402932719655436850580262478382030346816958359049171059\
8649172285647576383792955891014922932078675`1020.0000000000001
 
appHPLs8d = 0.999962613462683447696716613716982777609504138659460066636114721\
48763706800213870938000939959602355468584475311634099243697092676589379889791\
41265448899986633491036843066082483379185401870230410263732851447032029416605\
31065601529376891507159056395142772465469786222111886384258986204596609435980\
46160816212731461566199043731759090061766422716558832966078980229205807982567\
79771698541686720764626089011133827081756804192086561300483735325099464936482\
74422844268904353577796279210920155454969758548589211444739877905848570391424\
70544273189642517347793726548191699484362898821577281996906196806396890473609\
68683281938978921173986392079397628515804519969755551751463588416454606346225\
01909306683754688276755477360569690200598103762920131154461914558854623416434\
59495276918970721514596107503622603645074136061292962453412640832807720753964\
25345569989975349171349375378506645714395233727347835703010323143598459155736\
80037520539641389465861878802644584338104370345699560358765489052321954709516\
8334546891520594859334041891279338083584409`1020.0000000000001
